0.431818 -0.0747578
0.835591 0.324841
1.23115 0.700129
1.61865 1.0516
1.99826 1.37974
2.37015 1.68503
2.73446 1.96792
3.09136 2.22888
3.441 2.46835
3.78352 2.68677
4.11906 2.88457
4.44777 3.06216
4.7698 3.21997
5.08527 3.35838
5.39431 3.4778
5.69707 3.57862
5.99366 3.6612
6.28421 3.72593
6.56885 3.77316
6.8477 3.80326
7.12087 3.81657
7.38847 3.81342
7.65063 3.79417
7.90746 3.75914
8.15905 3.70864
8.40553 3.64299
8.64699 3.5625
8.88353 3.46747
9.11525 3.3582
9.34226 3.23498
9.56465 3.0981
9.78251 2.94782
9.99594 2.78442
10.205 2.60818
10.4098 2.41935
10.6105 2.21818
10.8071 2.00493
10.9996 1.77985
11.1883 1.54317
11.3731 1.29514
11.5542 1.03598
11.7315 0.765915
11.9053 0.485173
12.0755 0.19397
12.2422 -0.107481
12.4056 -0.418972
12.5656 -0.740299
12.7224 -1.07126
12.876 -1.41166
13.0264 -1.76131
