671.220935 520.236733
727.654800 468.774008
781.744516 415.472802
837.404779 370.363146
893.957259 329.683332
946.996286 291.533770
1002.104514 255.720671
1057.288285 224.018884
1113.230631 197.561822
1167.930726 174.511845
1223.924873 153.560646
1279.756769 140.240294
1336.518394 126.204539
1389.762995 117.398363
1443.910953 114.144706
1498.979870 111.772391
1554.491209 114.786165
1608.760375 120.647632
1664.111374 130.810867
1719.819863 147.622666
1777.296725 164.014889
1830.837012 183.464865
1885.458857 209.933150
1940.857247 237.704672
1996.219718 271.833888
2049.833607 307.490525
2108.333212 347.360621
2159.563539 388.833397
2217.380200 440.314560
2269.750885 491.294644
