0.400000 0.000000 0.000000
1.089655 0.000000 0.666326
1.779310 0.000000 1.285993
2.468966 0.000000 1.859001
3.158621 0.000000 2.385351
3.848276 0.000000 2.865042
4.537931 0.000000 3.298074
5.227586 0.000000 3.684447
5.917241 0.000000 4.024162
6.606897 0.000000 4.317218
7.296552 0.000000 4.563615
7.986207 0.000000 4.763353
8.675862 0.000000 4.916433
9.365517 0.000000 5.022854
10.055172 0.000000 5.082616
10.744828 0.000000 5.095719
11.434483 0.000000 5.062164
12.124138 0.000000 4.981950
12.813793 0.000000 4.855077
13.503448 0.000000 4.681546
14.193103 0.000000 4.461356
14.882759 0.000000 4.194507
15.572414 0.000000 3.880999
16.262069 0.000000 3.520832
16.951724 0.000000 3.114007
17.641379 0.000000 2.660523
18.331034 0.000000 2.160380
19.020690 0.000000 1.613579
19.710345 0.000000 1.020119
20.400000 0.000000 0.380000
