673.708971 519.082464
726.097603 466.726666
779.625405 420.164448
829.135664 380.159846
877.684025 342.589668
924.970691 311.767117
971.580779 283.241785
1015.727405 261.579564
1058.923136 246.012360
1099.602004 229.165697
1139.636865 218.959679
1177.686937 214.569136
1215.933143 212.679152
1249.904586 214.507829
1284.851339 221.189495
1319.203594 230.465428
1348.866714 243.091709
1383.574989 257.335316
1411.241921 278.086961
1443.933738 298.646574
1469.039758 323.604716
1494.853264 351.832739
1522.977334 382.031008
1546.151806 414.193856
1572.531226 450.372542
1596.529412 488.836474
1617.759721 529.224190
1641.871070 571.070737
1662.560681 616.274594
1683.395140 665.615555
