0.400000 0.000000 0.000000
1.077900 0.000000 0.654837
1.732823 0.000000 1.241614
2.365547 0.000000 1.762639
2.976825 0.000000 2.220141
3.567383 0.000000 2.616272
4.137925 0.000000 2.953113
4.689128 0.000000 3.232673
5.221648 0.000000 3.456894
5.736118 0.000000 3.627651
6.233151 0.000000 3.746758
6.713336 0.000000 3.815963
7.177246 0.000000 3.836960
7.625431 0.000000 3.811381
8.058425 0.000000 3.740806
8.476743 0.000000 3.626760
8.880881 0.000000 3.470716
9.271322 0.000000 3.274097
9.648529 0.000000 3.038280
10.012950 0.000000 2.764592
10.365019 0.000000 2.454317
10.705155 0.000000 2.108696
11.033761 0.000000 1.728925
11.351230 0.000000 1.316164
11.657938 0.000000 0.871530
11.954250 0.000000 0.396103
12.240519 0.000000 -0.109072
12.517085 0.000000 -0.642988
12.784276 0.000000 -1.204670
13.042411 0.000000 -1.793178
